generating_institute     gfz-potsdam
     generating_date     2025/10/31
        product_type     gravity_field
                body     earth
           modelname     aiub-champ01s
     max_used_degree            70
         tide_system     tide_free
          functional     gravity_anomaly_bg
    zero_degree_term     included
                unit     mgal
       crust_density     2670.0 kg/m**3
       water_density     1025.0 kg/m**3
          refsysname     GRS80
            gmrefpot      3.98600500000E+14 m**3/s**2
        radiusrefpot     6378137.000 m
          flatrefpot      3.352810681183638E-03   (1/298.25722210088)
         omegarefpot      7.29211500000E-05 1/s
    normal_potential      6.263686085004611E+07 m**2/s**2
       long_lat_unit     degree
      latlimit_north       60.000000000000    
      latlimit_south       24.000000000000    
      longlimit_west       239.70000000000    
      longlimit_east       275.70000000000    
            gridstep       1.0000000000000    
  latitude_parallels            37
 longitude_parallels            37
number_of_gridpoints          1369
            gapvalue           9999.0000
       weighted_mean     -5.5112266E+01 mgal
            maxvalue      2.6841655E+02 mgal
            minvalue     -2.6007639E+02 mgal
         signal_wrms      1.0213873E+02 mgal
         grid_format     long_lat_value

          longitude    latitude    gravity_anomaly_bg
            [deg.]      [deg.]         [mgal]
end_of_head ============================================
           239.7000     60.0000      -51.045996424971
           240.7000     60.0000      -48.204465712416
           241.7000     60.0000      -47.461264805535
           242.7000     60.0000      -48.052484409747
           243.7000     60.0000      -49.282763585758
           244.7000     60.0000      -50.691283780164
           245.7000     60.0000      -52.097914043919
           246.7000     60.0000      -53.539236275365
           247.7000     60.0000      -55.141650683762
           248.7000     60.0000      -56.994680954363
           249.7000     60.0000      -59.077888549751
           250.7000     60.0000      -61.265074362277
           251.7000     60.0000      -63.392618081302
           252.7000     60.0000      -65.350045724311
           253.7000     60.0000      -67.141739347205
           254.7000     60.0000      -68.882520703746
           255.7000     60.0000      -70.720670662283
           256.7000     60.0000      -72.716822138332
           257.7000     60.0000      -74.731321885534
           258.7000     60.0000      -76.375469921527
           259.7000     60.0000      -77.061363710192
           260.7000     60.0000      -76.148221319013
           261.7000     60.0000      -73.144074357099
           262.7000     60.0000      -67.895921184180
           263.7000     60.0000      -60.699411642336
           264.7000     60.0000      -52.282602107051
           265.7000     60.0000      -46.207757443558
           266.7000     60.0000      -41.229050129922
           267.7000     60.0000      -36.780055583610
           268.7000     60.0000      -33.299081094968
           269.7000     60.0000      -30.992942255110
           270.7000     60.0000      -29.829009812045
           271.7000     60.0000      -29.589551965189
           272.7000     60.0000      -29.962760484401
           273.7000     60.0000      -30.637291743353
           274.7000     60.0000      -31.372033055594
           275.7000     60.0000      -32.026580762473
           239.7000     59.0000      -61.879745994746
           240.7000     59.0000      -56.571805700429
           241.7000     59.0000      -52.493286667871
           242.7000     59.0000      -49.367646075801
           243.7000     59.0000      -47.053311025097
           244.7000     59.0000      -45.578802311573
           245.7000     59.0000      -45.083412870460
           246.7000     59.0000      -45.696888397445
           247.7000     59.0000      -47.415367613939
           248.7000     59.0000      -50.031588337369
           249.7000     59.0000      -53.154260190667
           250.7000     59.0000      -56.313221845603
           251.7000     59.0000      -59.108779918742
           252.7000     59.0000      -61.341458594926
           253.7000     59.0000      -63.062468501225
           254.7000     59.0000      -64.515341439635
           255.7000     59.0000      -65.984253706855
           256.7000     59.0000      -67.606521154007
           257.7000     59.0000      -69.227747339363
           258.7000     59.0000      -70.367951528147
           259.7000     59.0000      -70.327798443878
           260.7000     59.0000      -68.409938789132
           261.7000     59.0000      -64.182384950096
           262.7000     59.0000      -57.688278033288
           263.7000     59.0000      -49.519465271920
           264.7000     59.0000      -41.081181674459
           265.7000     59.0000      -36.296394280482
           266.7000     59.0000      -31.945371253744
           267.7000     59.0000      -28.619341164538
           268.7000     59.0000      -26.643106641367
           269.7000     59.0000      -26.028541519613
           270.7000     59.0000      -26.526069373205
           271.7000     59.0000      -27.744636762705
           272.7000     59.0000      -29.289971353898
           273.7000     59.0000      -30.871190982184
           274.7000     59.0000      -32.344947457004
           275.7000     59.0000      -33.694691349073
           239.7000     58.0000      -77.323407933332
           240.7000     58.0000      -70.492627221384
           241.7000     58.0000      -63.997184930681
           242.7000     58.0000      -58.133452583244
           243.7000     58.0000      -53.386272624756
           244.7000     58.0000      -50.293370177716
           245.7000     58.0000      -49.253676886543
           246.7000     58.0000      -50.343238253953
           247.7000     58.0000      -53.208673748206
           248.7000     58.0000      -57.089961832357
           249.7000     58.0000      -60.983874753015
           250.7000     58.0000      -63.908532488088
           251.7000     58.0000      -65.186698525840
           252.7000     58.0000      -64.648839712414
           253.7000     58.0000      -62.676728293034
           254.7000     58.0000      -60.060882397381
           255.7000     58.0000      -57.712866358971
           256.7000     58.0000      -56.330757154473
           257.7000     58.0000      -56.139225954216
           258.7000     58.0000      -56.803066909696
           259.7000     58.0000      -57.550872139949
           260.7000     58.0000      -57.466571541793
           261.7000     58.0000      -55.841340728199
           262.7000     58.0000      -52.453222469389
           263.7000     58.0000      -47.667706774564
           264.7000     58.0000      -42.320213396923
           265.7000     58.0000      -38.074800475224
           266.7000     58.0000      -35.925110940775
           267.7000     58.0000      -34.366266000177
           268.7000     58.0000      -33.523989971283
           269.7000     58.0000      -33.239152147606
           270.7000     58.0000      -33.182171940336
           271.7000     58.0000      -33.022921779983
           272.7000     58.0000      -32.580394185017
           273.7000     58.0000      -31.891404146673
           274.7000     58.0000      -31.177094867768
           275.7000     58.0000      -30.731441680224
           239.7000     57.0000      -94.781103035324
           240.7000     57.0000      -87.833186121542
           241.7000     57.0000      -80.187384930748
           242.7000     57.0000      -72.645752976717
           243.7000     57.0000      -66.263634428972
           244.7000     57.0000      -62.064808219501
           245.7000     57.0000      -60.727020893985
           246.7000     57.0000      -62.325150394475
           247.7000     57.0000      -66.217099738308
           248.7000     57.0000      -71.129077649050
           249.7000     57.0000      -75.442908507972
           250.7000     57.0000      -77.621204216521
           251.7000     57.0000      -76.649481749199
           252.7000     57.0000      -72.352287493513
           253.7000     57.0000      -65.468211575859
           254.7000     57.0000      -57.442919165067
           255.7000     57.0000      -49.996394280339
           256.7000     57.0000      -44.604329928086
           257.7000     57.0000      -42.069651661943
           258.7000     57.0000      -42.331039559050
           259.7000     57.0000      -44.569263089264
           260.7000     57.0000      -47.561316969721
           261.7000     57.0000      -50.140404299185
           262.7000     57.0000      -51.583920517135
           263.7000     57.0000      -51.786515717377
           264.7000     57.0000      -51.166681816057
           265.7000     57.0000      -50.365233905060
           266.7000     57.0000      -49.876930570337
           267.7000     57.0000      -49.778296570482
           268.7000     57.0000      -49.667514713335
           269.7000     57.0000      -48.837429054868
           270.7000     57.0000      -46.601608860340
           271.7000     57.0000      -42.917905371881
           272.7000     57.0000      -39.651281224738
           273.7000     57.0000      -35.889058658793
           274.7000     57.0000      -32.292541382407
           275.7000     57.0000      -29.491950053924
           239.7000     56.0000     -108.356641667848
           240.7000     56.0000     -102.469772638867
           241.7000     56.0000      -94.894489910278
           242.7000     56.0000      -86.564847416119
           243.7000     56.0000      -78.772276577747
           244.7000     56.0000      -72.858028918813
           245.7000     56.0000      -69.850039985429
           246.7000     56.0000      -70.128194689201
           247.7000     56.0000      -73.220239983705
           248.7000     56.0000      -77.819393302081
           249.7000     56.0000      -82.062558336721
           250.7000     56.0000      -84.023271267468
           251.7000     56.0000      -82.285269432691
           252.7000     56.0000      -76.410057865694
           253.7000     56.0000      -67.125599249842
           254.7000     56.0000      -56.148239962300
           255.7000     56.0000      -45.679336112905
           256.7000     56.0000      -37.741808955104
           257.7000     56.0000      -33.587789006529
           258.7000     56.0000      -33.385642550505
           259.7000     56.0000      -36.288650518555
           260.7000     56.0000      -40.840045377667
           261.7000     56.0000      -45.540650653534
           262.7000     56.0000      -49.349603217472
           263.7000     56.0000      -51.928518654365
           264.7000     56.0000      -53.556879696870
           265.7000     56.0000      -54.789882746622
           266.7000     56.0000      -56.037068763440
           267.7000     56.0000      -57.264943707262
           268.7000     56.0000      -57.960357848210
           269.7000     56.0000      -57.365212596607
           270.7000     56.0000      -54.865079122344
           271.7000     56.0000      -50.342847054270
           272.7000     56.0000      -45.175224383929
           273.7000     56.0000      -40.589553551074
           274.7000     56.0000      -36.274568273013
           275.7000     56.0000      -33.043272542200
           239.7000     55.0000     -116.356171450183
           240.7000     55.0000     -112.717888540874
           241.7000     55.0000     -106.912955321014
           242.7000     55.0000      -99.293520050987
           243.7000     55.0000      -90.701404829434
           244.7000     55.0000      -82.371757219979
           245.7000     55.0000      -75.668613900664
           246.7000     55.0000      -71.686074148057
           247.7000     55.0000      -70.834570949429
           248.7000     55.0000      -72.582650115801
           249.7000     55.0000      -75.500633441272
           250.7000     55.0000      -77.649014656595
           251.7000     55.0000      -77.209650521573
           252.7000     55.0000      -73.137236256236
           253.7000     55.0000      -65.573569343139
           254.7000     55.0000      -55.843404812247
           255.7000     55.0000      -46.012746841121
           256.7000     55.0000      -38.170491592410
           257.7000     55.0000      -33.712665214940
           258.7000     55.0000      -32.910320515518
           259.7000     55.0000      -34.923948912575
           260.7000     55.0000      -38.239503685951
           261.7000     55.0000      -41.325967386236
           262.7000     55.0000      -43.228587889293
           263.7000     55.0000      -43.852125573331
           264.7000     55.0000      -43.834882991986
           265.7000     55.0000      -44.099882227214
           266.7000     55.0000      -45.310566567543
           267.7000     55.0000      -47.492240432680
           268.7000     55.0000      -49.993780210878
           269.7000     55.0000      -51.798599645819
           270.7000     55.0000      -52.026947197276
           271.7000     55.0000      -50.381270782144
           272.7000     55.0000      -47.315074347217
           273.7000     55.0000      -43.840392524359
           274.7000     55.0000      -41.066425847768
           275.7000     55.0000      -39.697079299947
           239.7000     54.0000     -123.603908150476
           240.7000     54.0000     -123.694956154710
           241.7000     54.0000     -122.026973628437
           242.7000     54.0000     -117.575930129414
           243.7000     54.0000     -109.898644359434
           244.7000     54.0000      -99.517968274473
           245.7000     54.0000      -87.943016265888
           246.7000     54.0000      -77.250620240303
           247.7000     54.0000      -69.359160242606
           248.7000     54.0000      -65.289522643598
           249.7000     54.0000      -64.742631935493
           250.7000     54.0000      -66.201480835974
           251.7000     54.0000      -67.537711051104
           252.7000     54.0000      -66.873533629193
           253.7000     54.0000      -63.328589578498
           254.7000     54.0000      -57.328336498054
           255.7000     54.0000      -50.346305868304
           256.7000     54.0000      -44.206883291950
           257.7000     54.0000      -40.270149225345
           258.7000     54.0000      -38.866223013767
           259.7000     54.0000      -39.224256825523
           260.7000     54.0000      -39.909769802137
           261.7000     54.0000      -39.551731388365
           262.7000     54.0000      -37.514122651834
           263.7000     54.0000      -34.201218919228
           264.7000     54.0000      -30.862115843216
           265.7000     54.0000      -28.994335160459
           266.7000     54.0000      -29.630256096030
           267.7000     54.0000      -32.840192442107
           268.7000     54.0000      -37.681098135840
           269.7000     54.0000      -42.610091585929
           270.7000     54.0000      -46.164923867072
           271.7000     54.0000      -47.589993550018
           272.7000     54.0000      -47.114444219529
           273.7000     54.0000      -45.756280261981
           274.7000     54.0000      -44.755795604570
           275.7000     54.0000      -44.924426816396
           239.7000     53.0000     -134.604946671856
           240.7000     53.0000     -139.385393034601
           241.7000     53.0000     -143.618474056273
           242.7000     53.0000     -144.531143833004
           243.7000     53.0000     -139.867577660147
           244.7000     53.0000     -128.937006079592
           245.7000     53.0000     -113.074186164910
           246.7000     53.0000      -95.279057383850
           247.7000     53.0000      -79.159396625671
           248.7000     53.0000      -67.614868057512
           249.7000     53.0000      -61.821459819659
           250.7000     53.0000      -60.941247606195
           251.7000     53.0000      -62.655119311923
           252.7000     53.0000      -64.249680442485
           253.7000     53.0000      -63.755543677403
           254.7000     53.0000      -60.638150938493
           255.7000     53.0000      -55.774294764362
           256.7000     53.0000      -50.790313750200
           257.7000     53.0000      -47.126685515585
           258.7000     53.0000      -45.296346656246
           259.7000     53.0000      -44.682153999281
           260.7000     53.0000      -43.941104990075
           261.7000     53.0000      -41.787091041153
           262.7000     53.0000      -37.749216600682
           263.7000     53.0000      -32.525233080889
           264.7000     53.0000      -27.751103528532
           265.7000     53.0000      -25.288630759192
           266.7000     53.0000      -26.361626588561
           267.7000     53.0000      -30.943617937468
           268.7000     53.0000      -37.686169031872
           269.7000     53.0000      -44.430595434153
           270.7000     53.0000      -49.079853611691
           271.7000     53.0000      -50.442474078345
           272.7000     53.0000      -48.671922752255
           273.7000     53.0000      -45.108953437672
           274.7000     53.0000      -41.609035070557
           275.7000     53.0000      -39.676329132179
           239.7000     52.0000     -145.860777372364
           240.7000     52.0000     -154.315724526734
           241.7000     52.0000     -163.731438366249
           242.7000     52.0000     -170.050133196011
           243.7000     52.0000     -169.389064802522
           244.7000     52.0000     -159.734384342922
           245.7000     52.0000     -141.910385350295
           246.7000     52.0000     -119.393449042881
           247.7000     52.0000      -97.042052884024
           248.7000     52.0000      -79.291808875157
           249.7000     52.0000      -68.592242168002
           250.7000     52.0000      -64.733439742560
           251.7000     52.0000      -65.291510912068
           252.7000     52.0000      -66.916107917537
           253.7000     52.0000      -66.830558602637
           254.7000     52.0000      -63.872185592481
           255.7000     52.0000      -58.668331645551
           256.7000     52.0000      -52.975813371969
           257.7000     52.0000      -48.593409468247
           258.7000     52.0000      -46.413863385706
           259.7000     52.0000      -46.059203619185
           260.7000     52.0000      -46.222324800918
           261.7000     52.0000      -45.485660886565
           262.7000     52.0000      -43.171281649796
           263.7000     52.0000      -39.785877483138
           264.7000     52.0000      -36.838498978146
           265.7000     52.0000      -36.117312392266
           266.7000     52.0000      -38.769013347902
           267.7000     52.0000      -44.617744547594
           268.7000     52.0000      -52.053810152582
           269.7000     52.0000      -58.568106728623
           270.7000     52.0000      -61.719482924226
           271.7000     52.0000      -60.125254852037
           272.7000     52.0000      -54.046133975212
           273.7000     52.0000      -45.306402392857
           274.7000     52.0000      -36.577307195144
           275.7000     52.0000      -30.331752221188
           239.7000     51.0000     -147.603004745471
           240.7000     51.0000     -156.487254891838
           241.7000     51.0000     -167.585246873463
           242.7000     51.0000     -176.826512333413
           243.7000     51.0000     -179.595634445419
           244.7000     51.0000     -172.845041534690
           245.7000     51.0000     -156.559728636131
           246.7000     51.0000     -133.916173246559
           247.7000     51.0000     -110.069068774250
           248.7000     51.0000      -90.126836652027
           249.7000     51.0000      -77.234461429684
           250.7000     51.0000      -71.599072772700
           251.7000     51.0000      -70.821470657762
           252.7000     51.0000      -71.279218271166
           253.7000     51.0000      -69.849392879263
           254.7000     51.0000      -65.170750323077
           255.7000     51.0000      -57.939062436179
           256.7000     51.0000      -50.230611088116
           257.7000     51.0000      -44.297446556363
           258.7000     51.0000      -41.466575645227
           259.7000     51.0000      -41.644877709572
           260.7000     51.0000      -43.582747809261
           261.7000     51.0000      -45.672887347673
           262.7000     51.0000      -46.834100485543
           263.7000     51.0000      -47.037596776037
           264.7000     51.0000      -47.242219080951
           265.7000     51.0000      -48.798861052724
           266.7000     51.0000      -52.626847148116
           267.7000     51.0000      -58.559007763723
           268.7000     51.0000      -65.171006098415
           269.7000     51.0000      -70.197807597431
           270.7000     51.0000      -71.386175567475
           271.7000     51.0000      -67.438713539492
           272.7000     51.0000      -58.650666861065
           273.7000     51.0000      -46.952016904801
           274.7000     51.0000      -35.305887155293
           275.7000     51.0000      -26.685698092057
           239.7000     50.0000     -134.094627900688
           240.7000     50.0000     -139.816502130555
           241.7000     50.0000     -148.522236378920
           242.7000     50.0000     -157.684074401803
           243.7000     50.0000     -163.080675865138
           244.7000     50.0000     -160.997907912808
           245.7000     50.0000     -150.166304133563
           246.7000     50.0000     -132.505972729822
           247.7000     50.0000     -112.344083250615
           248.7000     50.0000      -94.528904829020
           249.7000     50.0000      -82.390435298092
           250.7000     50.0000      -76.524410192222
           251.7000     50.0000      -74.911728703364
           252.7000     50.0000      -74.196997199997
           253.7000     50.0000      -71.407007062368
           254.7000     50.0000      -65.256518744075
           255.7000     50.0000      -56.490379231906
           256.7000     50.0000      -47.244573718641
           257.7000     50.0000      -39.876172002783
           258.7000     50.0000      -35.890124498137
           259.7000     50.0000      -35.437876621036
           260.7000     50.0000      -37.511285245698
           261.7000     50.0000      -40.612315107526
           262.7000     50.0000      -43.505314716242
           263.7000     50.0000      -45.697999525518
           264.7000     50.0000      -47.482967654537
           265.7000     50.0000      -49.588721644296
           266.7000     50.0000      -52.642638629642
           267.7000     50.0000      -56.697623738620
           268.7000     50.0000      -61.027798475964
           269.7000     50.0000      -64.288476610675
           270.7000     50.0000      -64.997782239523
           271.7000     50.0000      -62.168224513227
           272.7000     50.0000      -55.837184990907
           273.7000     50.0000      -47.254470968352
           274.7000     50.0000      -38.599088233058
           275.7000     50.0000      -32.287586050498
           239.7000     49.0000     -111.160690776444
           240.7000     49.0000     -112.303341366300
           241.7000     49.0000     -116.861162278258
           242.7000     49.0000     -125.012242946739
           243.7000     49.0000     -133.676932509610
           244.7000     49.0000     -138.542379861578
           245.7000     49.0000     -136.528331758454
           246.7000     49.0000     -127.409258229050
           247.7000     49.0000     -113.828993285461
           248.7000     49.0000      -99.844929008144
           249.7000     49.0000      -88.899852679400
           250.7000     49.0000      -82.330595174948
           251.7000     49.0000      -79.114808050962
           252.7000     49.0000      -76.817910382517
           253.7000     49.0000      -73.077954090204
           254.7000     49.0000      -66.787137989680
           255.7000     49.0000      -58.430187694391
           256.7000     49.0000      -49.578729599824
           257.7000     49.0000      -41.976827671308
           258.7000     49.0000      -36.763413855297
           259.7000     49.0000      -34.169397486868
           260.7000     49.0000      -33.691325136388
           261.7000     49.0000      -34.502552078286
           262.7000     49.0000      -35.828902211628
           263.7000     49.0000      -37.144761907414
           264.7000     49.0000      -38.203253691238
           265.7000     49.0000      -38.988138890091
           266.7000     49.0000      -39.647727234894
           267.7000     49.0000      -40.408761177136
           268.7000     49.0000      -41.449455744376
           269.7000     49.0000      -42.756577919517
           270.7000     49.0000      -44.052008741260
           271.7000     49.0000      -44.877559048902
           272.7000     49.0000      -44.844706744697
           273.7000     49.0000      -43.934154449264
           274.7000     49.0000      -42.658357599216
           275.7000     49.0000      -41.944949639950
           239.7000     48.0000      -92.490628744394
           240.7000     48.0000      -90.379526263174
           241.7000     48.0000      -92.050474527445
           242.7000     48.0000     -100.781994293962
           243.7000     48.0000     -114.704139666326
           244.7000     48.0000     -128.588596828073
           245.7000     48.0000     -137.010811728182
           246.7000     48.0000     -137.109322855281
           247.7000     48.0000     -129.600221289172
           248.7000     48.0000     -117.818829058226
           249.7000     48.0000     -105.649968775616
           250.7000     48.0000      -95.654846791755
           251.7000     48.0000      -88.340499422958
           252.7000     48.0000      -82.683440842294
           253.7000     48.0000      -77.284875325600
           254.7000     48.0000      -71.323671897711
           255.7000     48.0000      -64.814711912582
           256.7000     48.0000      -58.249082128972
           257.7000     48.0000      -52.073773882258
           258.7000     48.0000      -46.445353734136
           259.7000     48.0000      -41.362127988130
           260.7000     48.0000      -36.940016741194
           261.7000     48.0000      -33.507096691160
           262.7000     48.0000      -31.388302590866
           263.7000     48.0000      -30.549774347458
           264.7000     48.0000      -30.423584449494
           265.7000     48.0000      -30.118664683860
           266.7000     48.0000      -28.933566683710
           267.7000     48.0000      -26.843415008755
           268.7000     48.0000      -24.620225204898
           269.7000     48.0000      -23.474735437966
           270.7000     48.0000      -24.418244624024
           271.7000     48.0000      -27.721925643384
           272.7000     48.0000      -32.783798160474
           273.7000     48.0000      -38.455156482627
           274.7000     48.0000      -43.605199013423
           275.7000     48.0000      -47.586836458416
           239.7000     47.0000      -88.724396735413
           240.7000     47.0000      -85.293535329313
           241.7000     47.0000      -86.099665112708
           242.7000     47.0000      -97.236563025295
           243.7000     47.0000     -117.598677538779
           244.7000     47.0000     -140.625773862152
           245.7000     47.0000     -158.395439350497
           246.7000     47.0000     -165.628730522346
           247.7000     47.0000     -161.603052490516
           248.7000     47.0000     -149.439786412762
           249.7000     47.0000     -133.754617168450
           250.7000     47.0000     -118.328976566164
           251.7000     47.0000     -105.028894501433
           252.7000     47.0000      -94.131266320779
           253.7000     47.0000      -85.310221136711
           254.7000     47.0000      -78.344307894128
           255.7000     47.0000      -73.112649531102
           256.7000     47.0000      -69.159185854435
           257.7000     47.0000      -65.454299007219
           258.7000     47.0000      -60.751183023448
           259.7000     47.0000      -54.364302664090
           260.7000     47.0000      -46.772420519617
           261.7000     47.0000      -39.510418265535
           262.7000     47.0000      -34.314670505301
           263.7000     47.0000      -32.044571945925
           264.7000     47.0000      -32.100150232594
           265.7000     47.0000      -32.746000608209
           266.7000     47.0000      -32.155241445589
           267.7000     47.0000      -29.518930244099
           268.7000     47.0000      -25.537051600607
           269.7000     47.0000      -22.015658334013
           270.7000     47.0000      -20.850421655218
           271.7000     47.0000      -23.016945339411
           272.7000     47.0000      -28.123037361375
           273.7000     47.0000      -34.695020039574
           274.7000     47.0000      -40.942353918186
           275.7000     47.0000      -45.531670859023
           239.7000     46.0000     -100.500453158846
           240.7000     46.0000      -95.644990434977
           241.7000     46.0000      -95.553080727063
           242.7000     46.0000     -108.500450931717
           243.7000     46.0000     -133.570238085353
           244.7000     46.0000     -162.729166623147
           245.7000     46.0000     -186.062459512399
           246.7000     46.0000     -196.900166644691
           247.7000     46.0000     -194.179601528272
           248.7000     46.0000     -181.426367776297
           249.7000     46.0000     -163.775393455326
           250.7000     46.0000     -145.250909700401
           251.7000     46.0000     -127.792972470225
           252.7000     46.0000     -111.997058113108
           253.7000     46.0000      -98.372041313506
           254.7000     46.0000      -87.855039596383
           255.7000     46.0000      -81.216170990816
           256.7000     46.0000      -78.038867105482
           257.7000     46.0000      -76.346827192268
           258.7000     46.0000      -73.421089166053
           259.7000     46.0000      -67.372998217434
           260.7000     46.0000      -58.386940346143
           261.7000     46.0000      -48.714741725030
           262.7000     46.0000      -41.356008662427
           263.7000     46.0000      -38.263033715724
           264.7000     46.0000      -39.220530248976
           265.7000     46.0000      -42.074589530562
           266.7000     46.0000      -44.086987180979
           267.7000     46.0000      -43.500972844397
           268.7000     46.0000      -40.361796995303
           269.7000     46.0000      -36.203033864752
           270.7000     46.0000      -32.949968702337
           271.7000     46.0000      -31.806164830392
           272.7000     46.0000      -32.763821580428
           273.7000     46.0000      -34.883952315215
           274.7000     46.0000      -37.010352547285
           275.7000     46.0000      -38.411429836302
           239.7000     45.0000     -120.977140984134
           240.7000     45.0000     -112.296375590549
           241.7000     45.0000     -108.910482733262
           242.7000     45.0000     -120.538991052441
           243.7000     45.0000     -145.980229028506
           244.7000     45.0000     -175.965538415291
           245.7000     45.0000     -199.661834436674
           246.7000     45.0000     -210.585607803213
           247.7000     45.0000     -208.731091813796
           248.7000     45.0000     -198.535635569011
           249.7000     45.0000     -184.914184417609
           250.7000     45.0000     -170.356050641617
           251.7000     45.0000     -154.752847382344
           252.7000     45.0000     -137.395234095952
           253.7000     45.0000     -119.091640089888
           254.7000     45.0000     -102.570600450061
           255.7000     45.0000      -90.881839157243
           256.7000     45.0000      -85.137814942180
           257.7000     45.0000      -83.430626622597
           258.7000     45.0000      -81.836872715480
           259.7000     45.0000      -76.854915052520
           260.7000     45.0000      -67.588773905942
           261.7000     45.0000      -56.213445524046
           262.7000     45.0000      -46.493023804010
           263.7000     45.0000      -41.435418321392
           264.7000     45.0000      -41.638242421574
           265.7000     45.0000      -45.264160000007
           266.7000     45.0000      -49.417252175626
           267.7000     45.0000      -51.834697257804
           268.7000     45.0000      -51.801137515224
           269.7000     45.0000      -49.914456590149
           270.7000     45.0000      -47.167454235945
           271.7000     45.0000      -44.158848528646
           272.7000     45.0000      -40.951197100201
           273.7000     45.0000      -37.487271744076
           274.7000     45.0000      -34.065777353252
           275.7000     45.0000      -31.434049161858
           239.7000     44.0000     -142.842140536127
           240.7000     44.0000     -128.236664169159
           241.7000     44.0000     -119.419056737124
           242.7000     44.0000     -126.774727620744
           243.7000     44.0000     -148.429206601326
           244.7000     44.0000     -174.252989858992
           245.7000     44.0000     -193.654916777525
           246.7000     44.0000     -201.891263150064
           247.7000     44.0000     -201.297306823238
           248.7000     44.0000     -197.613333152216
           249.7000     44.0000     -194.764100973214
           250.7000     44.0000     -192.008879588335
           251.7000     44.0000     -185.206052569073
           252.7000     44.0000     -170.795993851512
           253.7000     44.0000     -149.269329126385
           254.7000     44.0000     -125.520242296741
           255.7000     44.0000     -105.923650298752
           256.7000     44.0000      -94.343672950951
           257.7000     44.0000      -89.908419093955
           258.7000     44.0000      -87.971955124570
           259.7000     44.0000      -83.394576653450
           260.7000     44.0000      -73.786189878263
           261.7000     44.0000      -60.629895055688
           262.7000     44.0000      -47.857134642731
           263.7000     44.0000      -39.176262283803
           264.7000     44.0000      -36.057317482275
           265.7000     44.0000      -37.490781392097
           266.7000     44.0000      -41.229523962283
           267.7000     44.0000      -45.291492751667
           268.7000     44.0000      -48.635397484431
           269.7000     44.0000      -50.832810638817
           270.7000     44.0000      -51.414498536044
           271.7000     44.0000      -49.699221797035
           272.7000     44.0000      -45.318392685604
           273.7000     44.0000      -38.919195490293
           274.7000     44.0000      -32.306182800992
           275.7000     44.0000      -27.734286472070
           239.7000     43.0000     -161.896176080146
           240.7000     43.0000     -142.501795962057
           241.7000     43.0000     -129.213943354052
           242.7000     43.0000     -132.346365685374
           243.7000     43.0000     -149.026378951560
           244.7000     43.0000     -168.487752767608
           245.7000     43.0000     -181.070260885767
           246.7000     43.0000     -184.656318524278
           247.7000     43.0000     -184.666352743929
           248.7000     43.0000     -188.474894052576
           249.7000     43.0000     -198.842117536131
           250.7000     43.0000     -211.223770965137
           251.7000     43.0000     -216.704217935036
           252.7000     43.0000     -208.199249652314
           253.7000     43.0000     -185.414551466510
           254.7000     43.0000     -155.182562703918
           255.7000     43.0000     -127.195104851015
           256.7000     43.0000     -108.266440368311
           257.7000     43.0000      -98.967985977361
           258.7000     43.0000      -94.508283245813
           259.7000     43.0000      -88.717321672456
           260.7000     43.0000      -78.123106921992
           261.7000     43.0000      -63.525640243995
           262.7000     43.0000      -48.578744405057
           263.7000     43.0000      -36.968590881181
           264.7000     43.0000      -30.372068882883
           265.7000     43.0000      -28.316325046252
           266.7000     43.0000      -29.413079976392
           267.7000     43.0000      -32.551963090488
           268.7000     43.0000      -37.062925760412
           269.7000     43.0000      -42.036067489331
           270.7000     43.0000      -45.816345071857
           271.7000     43.0000      -46.480344320386
           272.7000     43.0000      -43.106535710835
           273.7000     43.0000      -36.789234849662
           274.7000     43.0000      -30.397724255151
           275.7000     43.0000      -27.030570202212
           239.7000     42.0000     -175.621469432793
           240.7000     42.0000     -156.268903868542
           241.7000     42.0000     -142.696782327868
           242.7000     42.0000     -144.723413863100
           243.7000     42.0000     -158.459452903008
           244.7000     42.0000     -172.622389317377
           245.7000     42.0000     -178.490263160829
           246.7000     42.0000     -176.415091688483
           247.7000     42.0000     -174.763082115538
           248.7000     42.0000     -182.699269354615
           249.7000     42.0000     -202.439177182422
           250.7000     42.0000     -226.624745930641
           251.7000     42.0000     -242.568923350342
           252.7000     42.0000     -240.218235113078
           253.7000     42.0000     -218.280690909958
           254.7000     42.0000     -184.562296870434
           255.7000     42.0000     -150.745264054660
           256.7000     42.0000     -125.507902270387
           257.7000     42.0000     -110.540910393787
           258.7000     42.0000     -101.512916015029
           259.7000     42.0000      -92.471839500631
           260.7000     42.0000      -80.151281408841
           261.7000     42.0000      -65.382180450268
           262.7000     42.0000      -51.364273976691
           263.7000     42.0000      -40.807269385455
           264.7000     42.0000      -34.306305848475
           265.7000     42.0000      -30.824678912250
           266.7000     42.0000      -29.278203099470
           267.7000     42.0000      -29.507303714540
           268.7000     42.0000      -31.797526106437
           269.7000     42.0000      -35.627093340897
           270.7000     42.0000      -39.090540941869
           271.7000     42.0000      -39.822519666320
           272.7000     42.0000      -36.819563485604
           273.7000     42.0000      -31.606489061499
           274.7000     42.0000      -27.575693244417
           275.7000     42.0000      -27.764264682656
           239.7000     41.0000     -181.317772720628
           240.7000     41.0000     -168.304472215440
           241.7000     41.0000     -159.169225776621
           242.7000     41.0000     -163.464464578981
           243.7000     41.0000     -177.025774639242
           244.7000     41.0000     -188.520291660773
           245.7000     41.0000     -189.812428830929
           246.7000     41.0000     -182.636171643454
           247.7000     41.0000     -177.157473246277
           248.7000     41.0000     -183.985526111717
           249.7000     41.0000     -205.742137348654
           250.7000     41.0000     -234.301374526172
           251.7000     41.0000     -255.507087531916
           252.7000     41.0000     -257.849882635150
           253.7000     41.0000     -239.064692480663
           254.7000     41.0000     -206.482135309093
           255.7000     41.0000     -171.571296704580
           256.7000     41.0000     -142.961806333454
           257.7000     41.0000     -122.681383135036
           258.7000     41.0000     -107.442002767252
           259.7000     41.0000      -93.025923388835
           260.7000     41.0000      -78.003906541544
           261.7000     41.0000      -64.225531408635
           262.7000     41.0000      -54.431232487261
           263.7000     41.0000      -49.500132408119
           264.7000     41.0000      -47.699445623295
           265.7000     41.0000      -46.275165887432
           266.7000     41.0000      -43.697802099226
           267.7000     41.0000      -40.519551039918
           268.7000     41.0000      -38.235754393580
           269.7000     41.0000      -37.388933230905
           270.7000     41.0000      -36.782031784754
           271.7000     41.0000      -34.591263827443
           272.7000     41.0000      -30.388217975292
           273.7000     41.0000      -26.172313567142
           274.7000     41.0000      -25.278145421160
           275.7000     41.0000      -29.823724033912
           239.7000     40.0000     -177.013180798851
           240.7000     40.0000     -175.520524997044
           241.7000     40.0000     -173.264154575325
           242.7000     40.0000     -180.446878192179
           243.7000     40.0000     -194.376201642699
           244.7000     40.0000     -204.977169557395
           245.7000     40.0000     -204.636015248562
           246.7000     40.0000     -195.020239920241
           247.7000     40.0000     -186.172600613839
           248.7000     40.0000     -189.004510615405
           249.7000     40.0000     -207.009904755222
           250.7000     40.0000     -233.268775808622
           251.7000     40.0000     -254.676507493887
           252.7000     40.0000     -260.076393398860
           253.7000     40.0000     -246.478005284122
           254.7000     40.0000     -219.421703184407
           255.7000     40.0000     -188.068720920940
           256.7000     40.0000     -159.204827941837
           257.7000     40.0000     -134.474847813924
           258.7000     40.0000     -112.098448816753
           259.7000     40.0000      -90.736849966709
           260.7000     40.0000      -71.892757612211
           261.7000     40.0000      -58.969026095242
           262.7000     40.0000      -54.158317116222
           263.7000     40.0000      -56.087913305909
           264.7000     40.0000      -60.293669093349
           265.7000     40.0000      -62.079525189485
           266.7000     40.0000      -59.363516024445
           267.7000     40.0000      -53.303484371604
           268.7000     40.0000      -46.509373132854
           269.7000     40.0000      -40.652695660643
           270.7000     40.0000      -35.580251289319
           271.7000     40.0000      -30.491723646165
           272.7000     40.0000      -25.802277180509
           273.7000     40.0000      -23.703554379785
           274.7000     40.0000      -26.661343112002
           275.7000     40.0000      -35.035965361414
           239.7000     39.0000     -162.873116653312
           240.7000     39.0000     -176.202534413010
           241.7000     39.0000     -180.634596744125
           242.7000     39.0000     -188.104710087907
           243.7000     39.0000     -199.761962497107
           244.7000     39.0000     -208.977360321530
           245.7000     39.0000     -209.393235479876
           246.7000     39.0000     -201.560107982420
           247.7000     39.0000     -193.302338288945
           248.7000     39.0000     -193.981333025513
           249.7000     39.0000     -207.382376672058
           250.7000     39.0000     -228.676177185462
           251.7000     39.0000     -247.501654999685
           252.7000     39.0000     -254.533245941614
           253.7000     39.0000     -246.579918501957
           254.7000     39.0000     -226.889768212516
           255.7000     39.0000     -201.307327607856
           256.7000     39.0000     -173.943679539701
           257.7000     39.0000     -145.793882299505
           258.7000     39.0000     -116.776263580465
           259.7000     39.0000      -88.656907781427
           260.7000     39.0000      -65.775186308526
           261.7000     39.0000      -52.679320225755
           262.7000     39.0000      -50.661305255409
           263.7000     39.0000      -56.227967743487
           264.7000     39.0000      -62.931876577095
           265.7000     39.0000      -65.195421086144
           266.7000     39.0000      -61.211291199207
           267.7000     39.0000      -52.936725861109
           268.7000     39.0000      -43.681641618450
           269.7000     39.0000      -35.619746172676
           270.7000     39.0000      -29.221041595938
           271.7000     39.0000      -24.575816860694
           272.7000     39.0000      -22.785554298229
           273.7000     39.0000      -25.665014861540
           274.7000     39.0000      -33.812210703725
           275.7000     39.0000      -44.930720567041
           239.7000     38.0000     -139.565928358195
           240.7000     38.0000     -170.024909385168
           241.7000     38.0000     -180.434844595237
           242.7000     38.0000     -184.819034262973
           243.7000     38.0000     -190.127717406524
           244.7000     38.0000     -195.574693576738
           245.7000     38.0000     -197.575725399437
           246.7000     38.0000     -195.487856051784
           247.7000     38.0000     -193.455243577161
           248.7000     38.0000     -197.323129332554
           249.7000     38.0000     -209.661029786898
           250.7000     38.0000     -227.205137823741
           251.7000     38.0000     -242.718597649915
           252.7000     38.0000     -249.541187222122
           253.7000     38.0000     -245.115284723578
           254.7000     38.0000     -231.024167431685
           255.7000     38.0000     -210.244642967706
           256.7000     38.0000     -184.549415078011
           257.7000     38.0000     -154.433242102954
           258.7000     38.0000     -121.267549957752
           259.7000     38.0000      -89.134042327279
           260.7000     38.0000      -64.010849978324
           261.7000     38.0000      -50.457831712731
           262.7000     38.0000      -48.400623229852
           263.7000     38.0000      -52.797076308946
           264.7000     38.0000      -56.677356915606
           265.7000     38.0000      -55.288186880207
           266.7000     38.0000      -48.256754254165
           267.7000     38.0000      -38.485098450075
           268.7000     38.0000      -29.238244134166
           269.7000     38.0000      -22.146090340282
           270.7000     38.0000      -17.567896432219
           271.7000     38.0000      -16.269951993196
           272.7000     38.0000      -20.054708467032
           273.7000     38.0000      -30.134593194947
           274.7000     38.0000      -44.595167336031
           275.7000     38.0000      -57.756259504881
           239.7000     37.0000     -104.681498804172
           240.7000     37.0000     -154.231549062300
           241.7000     37.0000     -171.767613410791
           242.7000     37.0000     -172.307911322372
           243.7000     37.0000     -168.937756595198
           244.7000     37.0000     -168.161505250931
           245.7000     37.0000     -170.850585215461
           246.7000     37.0000     -176.172382957630
           247.7000     37.0000     -184.436440179545
           248.7000     37.0000     -196.774881367775
           249.7000     37.0000     -212.857435232339
           250.7000     37.0000     -229.496105934984
           251.7000     37.0000     -241.807910931333
           252.7000     37.0000     -245.967341265776
           253.7000     37.0000     -241.059206639046
           254.7000     37.0000     -228.496650103994
           255.7000     37.0000     -209.872187105480
           256.7000     37.0000     -185.594471233440
           257.7000     37.0000     -155.781926757591
           258.7000     37.0000     -122.479605388192
           259.7000     37.0000      -90.683389423012
           260.7000     37.0000      -66.521790275904
           261.7000     37.0000      -53.580208461870
           262.7000     37.0000      -50.329197450488
           263.7000     37.0000      -50.998398720593
           264.7000     37.0000      -49.427209932099
           265.7000     37.0000      -42.892644494444
           266.7000     37.0000      -32.973180268223
           267.7000     37.0000      -23.146803777037
           268.7000     37.0000      -15.653433725273
           269.7000     37.0000      -10.566984525907
           270.7000     37.0000       -7.629660973855
           271.7000     37.0000       -8.470767050987
           272.7000     37.0000      -16.244388009713
           273.7000     37.0000      -32.237551477113
           274.7000     37.0000      -52.395946388325
           275.7000     37.0000      -67.674224862395
           239.7000     36.0000      -52.139877621581
           240.7000     36.0000     -121.554316731266
           241.7000     36.0000     -149.819174656834
           242.7000     36.0000     -150.383241634527
           243.7000     36.0000     -140.455189542318
           244.7000     36.0000     -133.254584411910
           245.7000     36.0000     -135.009454223865
           246.7000     36.0000     -146.349540179024
           247.7000     36.0000     -165.117491037144
           248.7000     36.0000     -188.030290620611
           249.7000     36.0000     -210.935094522936
           250.7000     36.0000     -229.101839189386
           251.7000     36.0000     -238.591110806385
           252.7000     36.0000     -238.003436406903
           253.7000     36.0000     -228.918494949724
           254.7000     36.0000     -214.276608677805
           255.7000     36.0000     -195.964462444123
           256.7000     36.0000     -173.852973332977
           257.7000     36.0000     -147.310658879050
           258.7000     36.0000     -117.786100166965
           259.7000     36.0000      -89.762764282567
           260.7000     36.0000      -68.665859095924
           261.7000     36.0000      -57.148643242889
           262.7000     36.0000      -52.966418923983
           263.7000     36.0000      -50.531801645921
           264.7000     36.0000      -45.059171944399
           265.7000     36.0000      -35.825988905080
           266.7000     36.0000      -25.805336586600
           267.7000     36.0000      -18.233639250424
           268.7000     36.0000      -13.541211241684
           269.7000     36.0000       -9.710847411253
           270.7000     36.0000       -5.708767369050
           271.7000     36.0000       -4.317403036979
           272.7000     36.0000      -10.816528981254
           273.7000     36.0000      -27.781703763639
           274.7000     36.0000      -50.467186198451
           275.7000     36.0000      -67.722818626560
           239.7000     35.0000       13.669196998977
           240.7000     35.0000      -64.105969986149
           241.7000     35.0000     -107.671932599754
           242.7000     35.0000     -116.304179579819
           243.7000     35.0000     -107.238131651488
           244.7000     35.0000      -97.412245020884
           245.7000     35.0000      -97.715210123901
           246.7000     35.0000     -111.739378915019
           247.7000     35.0000     -137.363145656390
           248.7000     35.0000     -168.873009017115
           249.7000     35.0000     -198.774040606820
           250.7000     35.0000     -219.804149089516
           251.7000     35.0000     -227.424162498769
           252.7000     35.0000     -221.715178798965
           253.7000     35.0000     -207.036218032053
           254.7000     35.0000     -189.097234784805
           255.7000     35.0000     -171.330024857560
           256.7000     35.0000     -153.382239609348
           257.7000     35.0000     -132.980282713528
           258.7000     35.0000     -109.472903994415
           259.7000     35.0000      -85.754077274522
           260.7000     35.0000      -66.639035391578
           261.7000     35.0000      -55.046094428807
           262.7000     35.0000      -49.507488814428
           263.7000     35.0000      -45.443312160262
           264.7000     35.0000      -39.147931934047
           265.7000     35.0000      -30.801245980008
           266.7000     35.0000      -23.644645413678
           267.7000     35.0000      -20.142353109002
           268.7000     35.0000      -19.021282088123
           269.7000     35.0000      -16.435480176949
           270.7000     35.0000      -10.471781420910
           271.7000     35.0000       -4.542140643243
           272.7000     35.0000       -5.649057798144
           273.7000     35.0000      -18.131005039186
           274.7000     35.0000      -38.237679343868
           275.7000     35.0000      -55.089664030374
           239.7000     34.0000       70.411712496600
           240.7000     34.0000       11.559383068536
           241.7000     34.0000      -42.257631337656
           242.7000     34.0000      -68.490141294621
           243.7000     34.0000      -71.441077398144
           244.7000     34.0000      -66.937221000194
           245.7000     34.0000      -67.958357828471
           246.7000     34.0000      -81.559330817859
           247.7000     34.0000     -108.413208390921
           248.7000     34.0000     -143.596581844536
           249.7000     34.0000     -178.256440890481
           250.7000     34.0000     -202.651880898502
           251.7000     34.0000     -210.302456381803
           252.7000     34.0000     -201.269635181695
           253.7000     34.0000     -182.066694123735
           254.7000     34.0000     -161.588396927408
           255.7000     34.0000     -145.568176567834
           256.7000     34.0000     -133.603588766320
           257.7000     34.0000     -120.997406964845
           258.7000     34.0000     -103.767119433179
           259.7000     34.0000      -82.528927479581
           260.7000     34.0000      -62.021863979233
           261.7000     34.0000      -46.965326546836
           262.7000     34.0000      -38.201054016952
           263.7000     34.0000      -32.642117119227
           264.7000     34.0000      -26.829623708130
           265.7000     34.0000      -20.423498361405
           266.7000     34.0000      -16.100200559680
           267.7000     34.0000      -16.011448383441
           268.7000     34.0000      -18.581181891627
           269.7000     34.0000      -19.292471977101
           270.7000     34.0000      -15.139026352774
           271.7000     34.0000       -8.399035558359
           272.7000     34.0000       -5.491380132140
           273.7000     34.0000      -11.228254680972
           274.7000     34.0000      -23.618367070811
           275.7000     34.0000      -34.600035505228
           239.7000     33.0000      130.993226788677
           240.7000     33.0000       70.346929798711
           241.7000     33.0000       23.047065627338
           242.7000     33.0000       -8.644130124190
           243.7000     33.0000      -34.758527839257
           244.7000     33.0000      -45.679029724126
           245.7000     33.0000      -52.475536996469
           246.7000     33.0000      -64.594591242241
           247.7000     33.0000      -87.442371872500
           248.7000     33.0000     -120.403768913881
           249.7000     33.0000     -156.345267639942
           250.7000     33.0000     -184.220406033915
           251.7000     33.0000     -194.688853171890
           252.7000     33.0000     -185.778128156493
           253.7000     33.0000     -164.441979238930
           254.7000     33.0000     -142.217233834366
           255.7000     33.0000     -127.660112842226
           256.7000     33.0000     -121.101345040031
           257.7000     33.0000     -115.710559734767
           258.7000     33.0000     -103.861508168333
           259.7000     33.0000      -83.504935226658
           260.7000     33.0000      -59.440160761796
           261.7000     33.0000      -38.905945766262
           262.7000     33.0000      -25.760984156401
           263.7000     33.0000      -18.380231889643
           264.7000     33.0000      -12.626350187073
           265.7000     33.0000       -6.506450040777
           266.7000     33.0000       -1.862236612197
           267.7000     33.0000       -1.713643667466
           268.7000     33.0000       -6.330628036856
           269.7000     33.0000      -12.292529723704
           270.7000     33.0000      -15.564323855669
           271.7000     33.0000      -15.311266362853
           272.7000     33.0000      -14.290887212546
           273.7000     33.0000      -15.267246121344
           274.7000     33.0000      -17.346583008170
           275.7000     33.0000      -16.629937126000
           239.7000     32.0000      186.990133120073
           240.7000     32.0000      131.279095052987
           241.7000     32.0000       78.291833571702
           242.7000     32.0000       33.783886061069
           243.7000     32.0000        0.385606945062
           244.7000     32.0000      -30.293297347355
           245.7000     32.0000      -49.382972855978
           246.7000     32.0000      -61.688355596772
           247.7000     32.0000      -77.541371130503
           248.7000     32.0000     -103.311092223754
           249.7000     32.0000     -136.999456201720
           250.7000     32.0000     -168.398784588758
           251.7000     32.0000     -185.071034105471
           252.7000     32.0000     -180.765577914665
           253.7000     32.0000     -160.147367673919
           254.7000     32.0000     -135.826688746803
           255.7000     32.0000     -119.528852445102
           256.7000     32.0000     -114.092655358276
           257.7000     32.0000     -112.523780768406
           258.7000     32.0000     -104.642799926691
           259.7000     32.0000      -85.675107539341
           260.7000     32.0000      -59.753636181605
           261.7000     32.0000      -35.904473316189
           262.7000     32.0000      -20.544799149986
           263.7000     32.0000      -13.139458662960
           264.7000     32.0000       -8.319278462507
           265.7000     32.0000       -3.537585676908
           266.7000     32.0000        1.653558472236
           267.7000     32.0000        5.272970322886
           268.7000     32.0000        4.487555527746
           269.7000     32.0000       -2.133950288986
           270.7000     32.0000      -13.386817983650
           271.7000     32.0000      -22.711672516356
           272.7000     32.0000      -28.008506392917
           273.7000     32.0000      -28.322989980694
           274.7000     32.0000      -22.379257336347
           275.7000     32.0000       -9.546794373360
           239.7000     31.0000      231.033507434161
           240.7000     31.0000      186.986431934110
           241.7000     31.0000      135.140666033057
           242.7000     31.0000       81.141190106403
           243.7000     31.0000       31.539772457889
           244.7000     31.0000       -9.033630494303
           245.7000     31.0000      -46.231070845462
           246.7000     31.0000      -62.833281433875
           247.7000     31.0000      -72.087452539254
           248.7000     31.0000      -88.145173948901
           249.7000     31.0000     -116.960457242857
           250.7000     31.0000     -151.955160697288
           251.7000     31.0000     -178.388967061492
           252.7000     31.0000     -183.925013574883
           253.7000     31.0000     -167.677356795965
           254.7000     31.0000     -140.744686879833
           255.7000     31.0000     -117.795144730221
           256.7000     31.0000     -106.441702331358
           257.7000     31.0000     -102.856617704029
           258.7000     31.0000      -96.751619842408
           259.7000     31.0000      -81.016623738484
           260.7000     31.0000      -57.706219940643
           261.7000     31.0000      -35.686871901956
           262.7000     31.0000      -22.695149361960
           263.7000     31.0000      -19.127191701169
           264.7000     31.0000      -18.727820538690
           265.7000     31.0000      -14.842449194910
           266.7000     31.0000       -6.188992838553
           267.7000     31.0000        0.928407735872
           268.7000     31.0000        3.799557580171
           269.7000     31.0000        0.795581042480
           270.7000     31.0000       -8.945722526127
           271.7000     31.0000      -20.916314831844
           272.7000     31.0000      -30.179576467485
           273.7000     31.0000      -33.231846191895
           274.7000     31.0000      -27.270899204148
           275.7000     31.0000      -11.770770541992
           239.7000     30.0000      258.166909245870
           240.7000     30.0000      230.554988956498
           241.7000     30.0000      187.809538780111
           242.7000     30.0000      132.402846558573
           243.7000     30.0000       72.045336349014
           244.7000     30.0000       18.030628923086
           245.7000     30.0000      -27.318824192107
           246.7000     30.0000      -54.001313428042
           247.7000     30.0000      -60.859230432812
           248.7000     30.0000      -68.115705721188
           249.7000     30.0000      -90.928252340615
           250.7000     30.0000     -129.234960722811
           251.7000     30.0000     -168.118723719061
           252.7000     30.0000     -188.753963651490
           253.7000     30.0000     -181.904153078851
           254.7000     30.0000     -153.900974882610
           255.7000     30.0000     -120.987077754399
           256.7000     30.0000      -97.102841776548
           257.7000     30.0000      -85.049172746600
           258.7000     30.0000      -77.516166556624
           259.7000     30.0000      -65.896534538692
           260.7000     30.0000      -48.593124854987
           261.7000     30.0000      -31.848610576636
           262.7000     30.0000      -23.307684357889
           263.7000     30.0000      -24.822187116606
           264.7000     30.0000      -30.930806231241
           265.7000     30.0000      -33.675832995342
           266.7000     30.0000      -28.781891035179
           267.7000     30.0000      -17.842354963625
           268.7000     30.0000       -5.670375109485
           269.7000     30.0000        2.881191991323
           270.7000     30.0000        3.891083054233
           271.7000     30.0000        1.690989832934
           272.7000     30.0000       -2.382181768025
           273.7000     30.0000       -6.455278719847
           274.7000     30.0000      -11.116819487011
           275.7000     30.0000      -10.439489757200
           239.7000     29.0000      267.295247456056
           240.7000     29.0000      257.016954267565
           241.7000     29.0000      229.622967502212
           242.7000     29.0000      182.131498582756
           243.7000     29.0000      119.935730641503
           244.7000     29.0000       56.270376880491
           245.7000     29.0000        6.236669633428
           246.7000     29.0000      -27.778799966392
           247.7000     29.0000      -39.636640680536
           248.7000     29.0000      -42.503542963224
           249.7000     29.0000      -59.661636524627
           250.7000     29.0000      -99.743118686943
           251.7000     29.0000     -151.039830760373
           252.7000     29.0000     -190.105893982330
           253.7000     29.0000     -198.301456746572
           254.7000     29.0000     -174.110453109192
           255.7000     29.0000     -132.645247872964
           256.7000     29.0000      -93.839209259008
           257.7000     29.0000      -69.211912847687
           258.7000     29.0000      -57.114163712161
           259.7000     29.0000      -48.540481504705
           260.7000     29.0000      -36.988404413873
           261.7000     29.0000      -23.670772491813
           262.7000     29.0000      -14.736641016883
           263.7000     29.0000      -14.469834334947
           264.7000     29.0000      -21.068766953947
           265.7000     29.0000      -28.005769486236
           266.7000     29.0000      -28.516124986727
           267.7000     29.0000      -18.899422651381
           268.7000     29.0000        0.994282911128
           269.7000     29.0000       19.645616893414
           270.7000     29.0000       35.082943630173
           271.7000     29.0000       45.927509019053
           272.7000     29.0000       47.769577699684
           273.7000     29.0000       39.028856511600
           274.7000     29.0000       22.978369660532
           275.7000     29.0000        6.446769142244
           239.7000     28.0000      262.641051145260
           240.7000     28.0000      265.969420654953
           241.7000     28.0000      255.791028648271
           242.7000     28.0000      223.244739868368
           243.7000     28.0000      168.550820647961
           244.7000     28.0000      102.959901371814
           245.7000     28.0000       43.775277312983
           246.7000     28.0000        4.835029425718
           247.7000     28.0000      -12.093211205762
           248.7000     28.0000      -17.329780729598
           249.7000     28.0000      -30.185454850699
           250.7000     28.0000      -68.563322912677
           251.7000     28.0000     -127.931791563498
           252.7000     28.0000     -184.523171769366
           253.7000     28.0000     -211.922153727650
           254.7000     28.0000     -198.910554067107
           255.7000     28.0000     -155.866394616992
           256.7000     28.0000     -106.049005441572
           257.7000     28.0000      -69.454779773065
           258.7000     28.0000      -51.592220093372
           259.7000     28.0000      -44.295969618504
           260.7000     28.0000      -35.661314407453
           261.7000     28.0000      -19.922061090369
           262.7000     28.0000       -7.258977295668
           263.7000     28.0000        3.118652870615
           264.7000     28.0000       10.408733144469
           265.7000     28.0000       14.578063906227
           266.7000     28.0000       18.282581586327
           267.7000     28.0000       25.635957024507
           268.7000     28.0000       40.418615567532
           269.7000     28.0000       63.706189132880
           270.7000     28.0000       91.523082138643
           271.7000     28.0000      114.543800979177
           272.7000     28.0000      121.722466334461
           273.7000     28.0000      106.838044501898
           274.7000     28.0000       73.493964421185
           275.7000     28.0000       34.018593680285
           239.7000     27.0000      252.946984833806
           240.7000     27.0000      262.808884496582
           241.7000     27.0000      266.457854185120
           242.7000     27.0000      251.023415284837
           243.7000     27.0000      210.548832418682
           244.7000     27.0000      150.818158302139
           245.7000     27.0000       87.376682571306
           246.7000     27.0000       37.270800350357
           247.7000     27.0000        9.274119782390
           248.7000     27.0000       -1.120869160431
           249.7000     27.0000       -8.274357619875
           250.7000     27.0000      -38.402693060936
           251.7000     27.0000      -97.720550946093
           252.7000     27.0000     -166.220535596187
           253.7000     27.0000     -213.897944596755
           254.7000     27.0000     -219.817162191852
           255.7000     27.0000     -185.925277635844
           256.7000     27.0000     -134.273938753807
           257.7000     27.0000      -90.766746837760
           258.7000     27.0000      -68.253669981201
           259.7000     27.0000      -60.968649557195
           260.7000     27.0000      -52.475300264972
           261.7000     27.0000      -29.200369666364
           262.7000     27.0000        0.093679200645
           263.7000     27.0000       28.031100917338
           264.7000     27.0000       54.549222840699
           265.7000     27.0000       74.063130408921
           266.7000     27.0000       85.838478103679
           267.7000     27.0000       94.412407162209
           268.7000     27.0000      107.126963514136
           269.7000     27.0000      129.269336294746
           270.7000     27.0000      158.905180277096
           271.7000     27.0000      185.138496323305
           272.7000     27.0000      192.709959369531
           273.7000     27.0000      171.501937506957
           274.7000     27.0000      124.591948296902
           275.7000     27.0000       68.039878802741
           239.7000     26.0000      247.064568130926
           240.7000     26.0000      255.966644258872
           241.7000     26.0000      266.429650191977
           242.7000     26.0000      265.229596247256
           243.7000     26.0000      241.609138111170
           244.7000     26.0000      194.063557432269
           245.7000     26.0000      132.559230383178
           246.7000     26.0000       74.111241337976
           247.7000     26.0000       33.460303529818
           248.7000     26.0000       14.228070179831
           249.7000     26.0000        6.673384294002
           250.7000     26.0000       -5.522307539950
           251.7000     26.0000      -53.365999948893
           252.7000     26.0000     -126.055798830881
           253.7000     26.0000     -192.679018158807
           254.7000     26.0000     -224.143895919595
           255.7000     26.0000     -210.905759671907
           256.7000     26.0000     -168.483239443521
           257.7000     26.0000     -124.576965704342
           258.7000     26.0000      -98.583993090034
           259.7000     26.0000      -89.241220547556
           260.7000     26.0000      -78.396000178600
           261.7000     26.0000      -46.002922385234
           262.7000     26.0000        5.657852927022
           263.7000     26.0000       52.302431997753
           264.7000     26.0000      101.153680763383
           265.7000     26.0000      140.566510232718
           266.7000     26.0000      164.200829845451
           267.7000     26.0000      173.976277473356
           268.7000     26.0000      178.646653544234
           269.7000     26.0000      188.060064989169
           270.7000     26.0000      205.585042683983
           271.7000     26.0000      223.672238450489
           272.7000     26.0000      227.086903835950
           273.7000     26.0000      203.321618085936
           274.7000     26.0000      153.144304664720
           275.7000     26.0000       92.419049365324
           239.7000     25.0000      248.613154434564
           240.7000     25.0000      251.547611001454
           241.7000     25.0000      261.308096163059
           242.7000     25.0000      268.416546556810
           243.7000     25.0000      260.575989188161
           244.7000     25.0000      229.412368418618
           245.7000     25.0000      176.797194611977
           246.7000     25.0000      116.123434789895
           247.7000     25.0000       65.873155479945
           248.7000     25.0000       38.186894114649
           249.7000     25.0000       30.187880937301
           250.7000     25.0000       25.445387560141
           251.7000     25.0000        5.899136525150
           252.7000     25.0000      -57.422671201174
           253.7000     25.0000     -141.608041503667
           254.7000     25.0000     -203.779664523576
           255.7000     25.0000     -220.994429512826
           256.7000     25.0000     -197.444923115670
           257.7000     25.0000     -158.087901509348
           258.7000     25.0000     -127.344406623826
           259.7000     25.0000     -110.665912773751
           260.7000     25.0000      -92.624851301939
           261.7000     25.0000      -50.770270088503
           262.7000     25.0000       14.476351966084
           263.7000     25.0000       73.914731878477
           264.7000     25.0000      138.474968626010
           265.7000     25.0000      192.103919874205
           266.7000     25.0000      222.996384362198
           267.7000     25.0000      228.976296270384
           268.7000     25.0000      218.401882349828
           269.7000     25.0000      205.421531120851
           270.7000     25.0000      201.012934560907
           271.7000     25.0000      205.015729706577
           272.7000     25.0000      205.651915118918
           273.7000     25.0000      188.542725105299
           274.7000     25.0000      149.145542078236
           275.7000     25.0000       98.179402670373
           239.7000     24.0000      254.611703156604
           240.7000     24.0000      250.277749575757
           241.7000     24.0000      254.055935354333
           242.7000     24.0000      263.130587562636
           243.7000     24.0000      267.474227800851
           244.7000     24.0000      254.228402267044
           245.7000     24.0000      216.750564000765
           246.7000     24.0000      162.027103096559
           247.7000     24.0000      109.000079461239
           248.7000     24.0000       76.497824044782
           249.7000     24.0000       68.851899847438
           250.7000     24.0000       71.215062001838
           251.7000     24.0000       59.979153453706
           252.7000     24.0000       21.101591428178
           253.7000     24.0000      -65.628098051751
           254.7000     24.0000     -161.779869909054
           255.7000     24.0000     -215.934515453127
           256.7000     24.0000     -218.126239595776
           257.7000     24.0000     -186.754987620390
           258.7000     24.0000     -148.921264432943
           259.7000     24.0000     -117.657819394593
           260.7000     24.0000      -84.381877697034
           261.7000     24.0000      -29.871988965984
           262.7000     24.0000       33.120706910694
           263.7000     24.0000       96.735206032127
           264.7000     24.0000      164.069874642826
           265.7000     24.0000      217.871049230493
           266.7000     24.0000      243.820753795671
           267.7000     24.0000      236.998954112257
           268.7000     24.0000      205.160451744550
           269.7000     24.0000      166.229271755241
           270.7000     24.0000      139.189109823533
           271.7000     24.0000      132.599119190858
           272.7000     24.0000      139.047999975933
           273.7000     24.0000      141.198637565402
           274.7000     24.0000      125.811300357067
           275.7000     24.0000       94.292096214085
